362.1152648925781
360.119873046875
352.268798828125
358.2129821777344
356.5958557128906
355.3551025390625
353.1772155761719
356.0929260253906
355.463623046875
341.3785705566406
359.6603088378906
354.11334228515625
352.9502258300781
356.72772216796875
357.35406494140625
337.0347595214844
354.8467712402344
357.13385009765625
347.7265930175781
358.935302734375
354.66961669921875
352.8475341796875
354.6388244628906
359.4540710449219
350.8612976074219
354.3143310546875
359.017578125
359.6507568359375
354.4566345214844
353.185302734375
356.9984436035156
352.38037109375
350.010009765625
351.48626708984375
360.0875244140625
356.45172119140625
346.12554931640625
353.3218688964844
346.3279724121094
354.68927001953125
353.0482177734375
342.12652587890625
354.65576171875
352.59478759765625
351.1047668457031
349.8088073730469
349.9461975097656
358.4238586425781
348.5301818847656
350.8048095703125
357.0152893066406
343.4621887207031
348.7369384765625
348.00701904296875
344.0003967285156
349.1787414550781
351.369384765625
351.2434997558594
348.24700927734375
333.26190185546875
351.76031494140625
344.887939453125
339.0346374511719
343.3658142089844
335.0642395019531
334.8602600097656
342.8107604980469
333.48419189453125
331.5434875488281
340.34039306640625
325.1642761230469
330.8028869628906
333.110107421875
331.3081359863281
321.23333740234375
315.10308837890625
302.7582702636719
315.2850646972656
317.5044250488281
323.6449279785156
299.5312805175781
311.3829345703125
299.2811584472656
296.6236572265625
303.8693542480469
289.79644775390625
292.8135986328125
293.93408203125
291.30828857421875
286.3587951660156
278.546142578125
271.0352783203125
279.5106201171875
271.9590759277344
270.1122131347656
266.16217041015625
251.7220001220703
260.24322509765625
248.39462280273438
249.58236694335938
240.27696228027344
231.70152282714844
255.24505615234375
250.80799865722656
223.23207092285156
211.65884399414062
228.10952758789062
233.73411560058594
211.66610717773438
210.17225646972656
210.5393829345703
215.7252655029297
209.7179718017578
209.0675048828125
190.0221405029297
188.55130004882812
186.97471618652344
177.04769897460938
191.45114135742188
173.60580444335938
174.18092346191406
178.76634216308594
175.71051025390625
160.3073272705078
171.0398406982422
170.6703643798828
170.15283203125
155.39076232910156
158.73065185546875
150.76731872558594
151.17233276367188
153.14447021484375
158.5679168701172
141.2067413330078
149.998779296875
138.78514099121094
131.89434814453125
150.8626251220703
133.83676147460938
143.824951171875
134.73260498046875
130.4248046875
134.62652587890625
133.45181274414062
127.96113586425781
132.83102416992188
124.15158081054688
134.5366668701172
131.5093231201172
120.49140930175781
122.29789733886719
116.63642883300781
115.49696350097656
114.93930053710938
107.90023803710938
110.92586517333984
118.01356506347656
109.64756774902344
103.71776580810547
112.57471466064453
105.14511108398438
97.62020111083984
111.04015350341797
101.82181549072266
99.24322509765625
103.0892333984375
103.82854461669922
107.94091033935547
100.3843765258789
100.0633773803711
98.4043197631836
96.27816009521484
88.19187927246094
92.05325317382812
97.28693389892578
97.13594818115234
94.20577239990234
88.37606048583984
87.50125885009766
88.96333312988281
83.76654815673828
81.88231658935547
91.85038757324219
95.32023620605469
88.80484771728516
86.41239166259766
85.00910186767578
78.16472625732422
93.41907501220703
81.44287109375
83.7285385131836
85.14385986328125
81.0612564086914
83.5038070678711
78.12194061279297
76.82906341552734
80.09200286865234
74.20429229736328
74.5775146484375
83.59358215332031
75.6930160522461
79.12004852294922
75.96769714355469
74.80448913574219
79.31312561035156
75.45016479492188
75.36547088623047
71.3763427734375
77.06439208984375
71.7035903930664
77.96388244628906
71.56981658935547
76.50672149658203
72.4730224609375
72.51014709472656
68.30725860595703
75.04751586914062
74.73249053955078
71.20862579345703
66.92416381835938
66.98699188232422
67.84375
67.25764465332031
73.7418441772461
62.562374114990234
67.28472900390625
66.44766998291016
66.69054412841797
67.69127655029297
68.83895111083984
69.46924591064453
59.18278121948242
64.55500030517578
67.74918365478516
63.886959075927734
60.20868682861328
70.24343872070312
61.343597412109375
62.88160705566406
62.3743896484375
65.54813385009766
63.33238983154297
67.11530303955078
60.11653137207031
61.525047302246094
63.401893615722656
66.36093139648438
60.547889709472656
58.64869689941406
62.20443344116211
64.46988677978516
61.87896728515625
66.99060821533203
60.33967590332031
54.384761810302734
60.32801055908203
57.189945220947266
58.79305648803711
58.66066360473633
60.2451171875
58.61791229248047
60.23125076293945
57.80455780029297
60.1998176574707
55.46022033691406
57.587890625
58.54245376586914
59.1360969543457
62.516387939453125
56.01944351196289
56.52067947387695
57.17951965332031
56.211299896240234
56.95790481567383
57.009178161621094
49.94911575317383
52.572689056396484
55.037330627441406
54.89695739746094
56.23420715332031
55.56418991088867
52.935054779052734
51.532108306884766
55.309757232666016
57.18901824951172
52.98890686035156
50.908355712890625
55.39283752441406
55.005340576171875
58.392433166503906
53.38018035888672
47.99408721923828
55.69411087036133
53.28170394897461
51.89588165283203
51.80052185058594
50.217960357666016
54.92707824707031
55.45771789550781
48.215675354003906
54.37914276123047
54.03666305541992
51.98748016357422
52.87002944946289
49.078853607177734
50.178897857666016
53.8730583190918
47.82781982421875
48.375728607177734
51.5111083984375
48.6612434387207
53.15497589111328
54.4844856262207
51.17850112915039
49.97541809082031
52.6120719909668
51.45635223388672
52.88380432128906
49.482906341552734
51.353477478027344
52.7887077331543
51.02284240722656
45.778564453125
50.82891845703125
50.31623458862305
50.087486267089844
52.24453353881836
49.54767990112305
50.55576705932617
50.12467575073242
46.80354690551758
47.82509231567383
46.969207763671875
52.55136489868164
50.815677642822266
50.018409729003906
47.790550231933594
48.36692428588867
51.968814849853516
46.92447280883789
50.876853942871094
48.73645782470703
49.09254837036133
46.180809020996094
48.96645736694336
47.722572326660156
47.407691955566406
47.44173812866211
48.44876480102539
46.38581085205078
51.12577438354492
50.26350402832031
48.617042541503906
44.438636779785156
47.67837905883789
48.55614471435547
47.24980163574219
47.420413970947266
43.45487976074219
47.1461181640625
47.52081298828125
45.01825714111328
47.08348846435547
46.71733093261719
47.17887878417969
44.957542419433594
42.79243850708008
45.17433547973633
48.16544723510742
45.0992546081543
45.23463821411133
45.559478759765625
46.29905700683594
44.775794982910156
44.9281120300293
44.45732116699219
45.0302848815918
43.553707122802734
44.840755462646484
46.45611572265625
45.01121139526367
44.97394561767578
47.063995361328125
45.46902084350586
44.4649543762207
48.32313919067383
47.28220748901367
44.76940155029297
44.52177810668945
48.67087936401367
47.32731628417969
46.0333366394043
48.443687438964844
41.9135856628418
44.849544525146484
48.915042877197266
44.85724639892578
43.45050811767578
44.45564270019531
45.90839385986328
43.87411117553711
44.16185760498047
43.192169189453125
41.59728240966797
43.32380676269531
41.60807418823242
43.65482711791992
41.5966682434082
45.184078216552734
43.98128890991211
45.267032623291016
44.30183792114258
41.85457229614258
43.05608367919922
47.451438903808594
47.187744140625
41.06075668334961
46.752193450927734
44.74446105957031
44.39309310913086
43.49161911010742
46.6063117980957
45.61610412597656
43.45231246948242
44.81436538696289
40.65597915649414
44.35271453857422
41.86528778076172
42.32685470581055
42.71959686279297
46.96412658691406
45.74076461791992
44.24032211303711
43.63549041748047
43.73169708251953
43.016563415527344
41.52531433105469
42.59371566772461
42.89948654174805
40.826210021972656
43.29307556152344
42.73221206665039
42.00056838989258
43.42246627807617
44.21419906616211
44.13817596435547
43.99196243286133
40.3568000793457
43.74845504760742
37.65171432495117
41.078773498535156
41.41874694824219
41.69175338745117
45.0411376953125
39.95547866821289
41.877532958984375
42.11363220214844
40.072364807128906
43.45570755004883
40.92645263671875
44.465126037597656
41.7568244934082
43.383365631103516
40.082275390625
41.781280517578125
40.316650390625
43.17064666748047
39.896488189697266
45.734615325927734
43.403404235839844
42.04383850097656
42.160884857177734
42.51308822631836
41.153045654296875
41.152687072753906
41.97992706298828
43.25052261352539
41.5811882019043
45.389102935791016
41.009212493896484
39.039215087890625
43.77172088623047
43.029422760009766
39.43959045410156
40.110595703125
42.586448669433594
44.27066421508789
41.65129852294922
38.91857147216797
44.50165939331055
42.98338317871094
41.636802673339844
43.99604034423828
40.289405822753906
40.57419967651367
40.15983200073242
43.60725784301758
43.27020263671875
44.34010314941406
40.136573791503906
39.813560485839844
42.049461364746094
41.12738800048828
42.461368560791016
43.88344955444336
40.399410247802734
40.53494644165039
41.94417190551758
39.90534973144531
40.6755256652832
40.09685516357422
41.572113037109375
40.731842041015625
42.517635345458984
42.04100036621094
42.76333236694336
39.687286376953125
41.45587158203125
42.64833068847656
41.8228759765625
40.15995407104492
40.73795700073242
40.18825912475586
38.09893798828125
39.85216522216797
40.16078186035156
40.87499237060547
38.8892936706543
38.8177490234375
38.16603088378906
40.56538772583008
41.24026107788086
38.13888168334961
38.059539794921875
39.53349304199219
40.30479431152344
42.59498977661133
39.34634780883789
41.03620147705078
40.553855895996094
37.48638153076172
42.696834564208984
40.710723876953125
39.5770378112793
41.38266372680664
39.45411682128906
39.90827941894531
41.54303741455078
40.39118194580078
37.01557159423828
40.767826080322266
39.508914947509766
38.174373626708984
40.66273880004883
39.72949981689453
38.31163787841797
37.88760757446289
42.82679748535156
39.84400939941406
38.140499114990234
39.25697708129883
38.66655731201172
39.28497314453125
40.10377883911133
38.83934020996094
37.4855842590332
40.34210205078125
41.40316390991211
39.75156021118164
38.8206787109375
39.61460494995117
38.12563705444336
40.548091888427734
37.771522521972656
39.9559211730957
40.30392074584961
40.492794036865234
39.261444091796875
40.18928909301758
38.879276275634766
40.17701721191406
39.434146881103516
37.8686408996582
35.57504653930664
39.81877517700195
39.358219146728516
36.47016143798828
39.61881637573242
38.17964553833008
37.191490173339844
39.88211441040039
39.71233367919922
37.344295501708984
39.24114990234375
38.50912094116211
38.8529052734375
38.58863830566406
38.3118782043457
39.15010452270508
38.51258850097656
38.650386810302734
38.86332321166992
38.92759704589844
36.328712463378906
37.992733001708984
37.118896484375
40.3571662902832
36.1849479675293
39.45566940307617
37.52846145629883
40.07717514038086
38.84749221801758
40.75266647338867
39.83205032348633
39.5682487487793
39.37577819824219
38.7730598449707
37.27470016479492
37.268089294433594
38.41002655029297
37.156097412109375
38.31150817871094
38.047462463378906
38.7316780090332
37.32138442993164
38.57416915893555
37.998992919921875
37.692752838134766
40.1511116027832
39.65715026855469
39.50899124145508
39.7269401550293
39.54163360595703
38.823081970214844
38.54711151123047
36.66972732543945
35.430625915527344
38.528831481933594
35.17737579345703
37.720001220703125
39.481502532958984
37.47221374511719
38.8174934387207
37.43635940551758
36.34197235107422
38.571372985839844
37.544437408447266
39.314151763916016
37.787254333496094
38.93353271484375
36.987430572509766
38.32246017456055
41.95191192626953
36.6265983581543
36.63739776611328
37.12605285644531
38.64604949951172
36.63324737548828
37.537662506103516
39.74990463256836
40.783687591552734
37.80225372314453
36.936031341552734
39.22279739379883
38.37605667114258
38.674320220947266
37.50436782836914
40.530025482177734
37.35445785522461
39.349002838134766
38.09779739379883
39.51201248168945
37.48344421386719
38.633018493652344
36.573341369628906
38.718074798583984
37.46675491333008
35.90611267089844
40.06064987182617
38.11996841430664
35.6778678894043
38.33854675292969
37.35893630981445
38.3275032043457
37.256927490234375
39.53799819946289
39.16551971435547
36.41239547729492
38.188148498535156
37.86868667602539
36.31310272216797
37.4697380065918
38.670738220214844
36.75450897216797
36.522918701171875
38.202415466308594
39.50583267211914
38.53660202026367
37.79511260986328
36.32794952392578
36.056671142578125
36.0577278137207
36.34625244140625
38.539791107177734
37.745262145996094
37.24745178222656
37.89033126831055
39.21649932861328
37.33698272705078
39.122764587402344
39.49515914916992
37.47611618041992
35.32341003417969
37.56363296508789
41.477779388427734
36.901405334472656
36.15760803222656
38.28044128417969
36.37523651123047
37.18186950683594
38.37183380126953
36.04756546020508
35.431846618652344
38.30316162109375
38.73540496826172
35.16933059692383
41.11083221435547
36.26193618774414
35.9040412902832
36.714603424072266
37.15947723388672
37.863014221191406
37.906314849853516
35.74850082397461
35.74123764038086
37.00263214111328
36.54816436767578
37.27439498901367
38.034812927246094
36.55394744873047
35.6136589050293
37.01557922363281
34.81449890136719
34.60403823852539
35.712867736816406
35.84255599975586
38.12773132324219
37.20545959472656
37.489994049072266
36.551300048828125
35.000640869140625
35.35841751098633
37.639854431152344
37.471187591552734
36.6390266418457
34.99596405029297
35.178680419921875
39.74166488647461
37.017791748046875
37.59532165527344
38.7150764465332
35.25551223754883
37.94981002807617
39.08831024169922
38.05531692504883
38.509918212890625
39.03922653198242
36.99715805053711
38.484100341796875
35.45106506347656
36.61504364013672
37.118263244628906
37.84040451049805
38.79374313354492
36.29277420043945
35.892723083496094
38.87739944458008
37.97391891479492
36.18654251098633
35.61514663696289
38.8621711730957
33.00059509277344
38.519981384277344
34.360782623291016
38.806392669677734
36.966583251953125
36.75969314575195
37.20327377319336
40.34286117553711
37.98489761352539
38.30786895751953
38.7735710144043
36.580169677734375
35.232364654541016
39.25099563598633
35.5232048034668
35.61564636230469
37.23443603515625
35.42530822753906
38.738677978515625
35.680419921875
37.22478103637695
37.2934455871582
36.65815353393555
39.27157974243164
38.028114318847656
37.866451263427734
35.26922607421875
37.424949645996094
34.94124221801758
34.778751373291016
35.502315521240234
35.05440902709961
36.02340316772461
36.56148910522461
36.344242095947266
38.86052322387695
33.74614715576172
38.79151916503906
35.75703048706055
36.739051818847656
35.662635803222656
35.37221145629883
34.10885238647461
37.06962966918945
36.0250358581543
39.24119186401367
36.08179473876953
35.20423889160156
37.97098922729492
36.95288848876953
37.43223190307617
38.577877044677734
35.1549072265625
34.39582061767578
40.10163497924805
36.95564651489258
35.6468505859375
37.95066452026367
35.27463150024414
37.069419860839844
38.3769645690918
35.25837326049805
35.58566665649414
37.5318489074707
34.38136291503906
38.34175109863281
35.94983673095703
38.87412643432617
38.54161071777344
36.46358871459961
34.62395477294922
34.713401794433594
35.95610427856445
36.316070556640625
36.74614334106445
37.099178314208984
34.59775924682617
36.24050521850586
35.51883316040039
36.103572845458984
37.41255187988281
36.368263244628906
37.55854415893555
35.74427032470703
37.10930252075195
37.084590911865234
36.81116485595703
36.39376449584961
34.44002151489258
35.60458755493164
35.771705627441406
35.934627532958984
35.57516098022461
36.90974807739258
36.123138427734375
35.89225769042969
34.94419860839844
35.27509689331055
36.65848159790039
37.001953125
36.39341735839844
36.21824264526367
37.328433990478516
36.12474822998047
38.494747161865234
38.58634567260742
33.77837371826172
36.439762115478516
36.417903900146484
35.77388381958008
34.66667556762695
34.89122772216797
36.57011413574219
39.35182189941406
38.15913772583008
35.75709533691406
33.466922760009766
37.55215072631836
36.92188262939453
36.5078239440918
39.034034729003906
34.61726379394531
34.24130630493164
36.994529724121094
35.014610290527344
34.66325759887695
35.747169494628906
36.68064498901367
37.99464416503906
35.89695358276367
36.775840759277344
36.66423034667969
33.98398971557617
35.263362884521484
33.643333435058594
34.73250961303711
36.1727180480957
38.519432067871094
35.81291961669922
36.8467903137207
35.93284225463867
35.70989990234375
37.235679626464844
36.91358184814453
35.777835845947266
40.92121505737305
36.134578704833984
37.243736267089844
37.07959747314453
33.7502555847168
38.08902359008789
37.36634063720703
35.9089241027832
37.97608184814453
34.6784782409668
36.893680572509766
38.05162811279297
36.6202507019043
37.357666015625
34.470035552978516
35.89224624633789
37.51497268676758
35.05486297607422
37.08495330810547
36.79579162597656
36.17625045776367
36.44590377807617
37.156715393066406
37.84217834472656
36.36990737915039
35.520652770996094
35.641510009765625
38.24421310424805
35.128910064697266
34.485939025878906
34.858192443847656
37.02772521972656
35.63264846801758
37.35810470581055
37.16490173339844
37.171897888183594
36.29410171508789
33.9231071472168
36.0865364074707
34.55500411987305
36.799564361572266
38.74228286743164
36.91252136230469
35.08740997314453
36.91017532348633
35.91513442993164
37.102439880371094
35.40391159057617
37.56679916381836
39.15808868408203
35.900909423828125
38.30377197265625
38.02755355834961
36.801490783691406
35.10778045654297
34.64567947387695
36.130706787109375
38.827239990234375
34.88863754272461
35.01896286010742
35.567752838134766
36.87872314453125
34.48424530029297
35.818328857421875
36.48030090332031
36.43879699707031
36.24000930786133
36.44038391113281
35.867286682128906
35.0156364440918
35.48036193847656
35.52287292480469
35.58457565307617
37.08224105834961
36.87245178222656
35.913875579833984
37.49683380126953
37.36696243286133
36.81391525268555
34.03537368774414
39.14845657348633
35.498687744140625
37.942474365234375
36.946842193603516
34.60600280761719
37.584808349609375
34.18509292602539
35.01511764526367
34.64306640625
37.392818450927734
36.31284713745117
35.00057601928711
35.83979415893555
34.48674011230469
33.76520919799805
35.77932357788086
36.043235778808594
34.78876876831055
35.519065856933594
35.78611755371094
37.704017639160156
33.12106704711914
36.8593635559082
37.84641647338867
33.86001968383789
37.42488479614258
36.546592712402344
36.49279022216797
36.94472885131836
36.730690002441406
34.81126022338867
41.57106018066406
35.3800163269043
36.50719451904297
36.07260513305664
37.61825942993164
35.739994049072266
38.06645202636719
35.12089157104492
37.522518157958984
37.153228759765625
34.12201690673828
35.33347702026367
36.2688102722168
35.95431137084961
36.606048583984375
36.359928131103516
38.27538299560547
36.49268341064453
35.89764404296875
37.022560119628906
37.24736785888672
36.66276931762695
34.52960205078125
36.099952697753906
36.015586853027344
34.83650588989258
34.435585021972656
36.178009033203125
34.898189544677734
35.0931282043457
39.197731018066406
39.02436828613281
35.4486198425293
35.287635803222656
39.14639663696289
37.807430267333984
36.21537399291992
34.55309295654297
34.86996078491211
35.248592376708984
35.70240020751953
33.90184020996094
36.590126037597656
36.26667404174805
35.8724479675293
37.546539306640625
36.552459716796875
35.13702392578125
34.961158752441406
35.422637939453125
36.38682174682617
34.500972747802734
35.19998550415039
37.331607818603516
35.86460876464844
36.556060791015625
36.859046936035156
37.10287857055664
35.31401824951172
35.13337707519531
35.68389129638672
36.958526611328125
36.32435607910156
36.18510055541992
35.45404815673828
38.16651916503906
35.00992202758789
36.09611892700195
36.30916976928711
35.904869079589844
35.721527099609375
36.61024856567383
35.83209228515625
36.128936767578125
38.29297637939453
36.0983772277832
35.057960510253906
34.46439743041992
34.14585876464844
36.42295837402344
36.89263153076172
34.181522369384766
38.051082611083984
36.13821029663086
33.03965377807617
34.43299102783203
34.665897369384766
35.747596740722656
33.999237060546875
37.121368408203125
37.52374267578125
34.33271789550781
36.801048278808594
34.962799072265625
35.89248275756836
35.71920394897461
36.28287887573242
35.190521240234375
36.644500732421875
35.38219451904297
33.38349533081055
37.31610870361328
35.809661865234375
35.82337951660156
35.967742919921875
35.50357437133789
35.991943359375
36.07438278198242
37.01397705078125
35.94245529174805
32.05615997314453
36.33209991455078
35.15743637084961
36.7347412109375
38.136009216308594
33.38874053955078
35.04081726074219
36.5173225402832
34.70853042602539
35.74095916748047
35.53175354003906
37.31721878051758
34.91461944580078
35.2338752746582
36.04680252075195
38.00662612915039
36.15117645263672
36.239479064941406
36.51371383666992
36.73320007324219
34.72804260253906
35.135189056396484
34.92042541503906
38.20829391479492
36.6588134765625
34.525245666503906
36.07252502441406
35.2408332824707
31.95697021484375
34.0909538269043
34.990543365478516
36.01462936401367
35.430519104003906
34.1644172668457
37.659385681152344
36.03263854980469
36.92503356933594
34.86209487915039
35.93177032470703
34.584259033203125
34.82943344116211
35.78776931762695
33.96909713745117
34.3841667175293
37.42594528198242
35.1531867980957
34.45317077636719
33.86386489868164
35.3016242980957
34.139469146728516
34.8132209777832
34.88883972167969
36.2014045715332
35.662349700927734
34.28144836425781
37.46183776855469
36.376861572265625
36.97878646850586
34.46696472167969
34.158836364746094
34.224945068359375
37.18733596801758
33.95153045654297
35.92193603515625
35.55432891845703
35.409706115722656
34.89112854003906
36.725250244140625
35.5247802734375
34.64143371582031
35.288543701171875
36.87232208251953
38.23163604736328
35.59500503540039
35.01112365722656
35.857120513916016
36.336944580078125
34.301361083984375
36.97386932373047
34.73031234741211
34.133399963378906
36.80466842651367
33.539974212646484
36.16804122924805
38.21656799316406
34.6065788269043
33.80529022216797
33.2532958984375
37.779972076416016
36.619964599609375
36.273681640625
34.20494079589844
37.14535140991211
35.42716598510742
36.56216812133789
35.910972595214844
35.53071594238281
34.800697326660156
36.60881423950195
34.500648498535156
35.61134338378906
34.600303649902344
37.75048065185547
36.27872085571289
33.43352127075195
34.34256362915039
34.62145233154297
33.840946197509766
34.6224479675293
33.106815338134766
35.84946823120117
36.583736419677734
35.1693000793457
34.22102355957031
35.353233337402344
34.86421203613281
35.105384826660156
33.12396240234375
36.67007064819336
35.07686233520508
34.21257781982422
36.64529800415039
32.370479583740234
33.951297760009766
39.12667465209961
34.17278289794922
35.1155891418457
33.97947692871094
33.951377868652344
37.103519439697266
34.72831726074219
35.22874069213867
34.104618072509766
35.54130172729492
35.8555793762207
34.123722076416016
36.746681213378906
34.691917419433594
33.58137512207031
34.365081787109375
35.93722915649414
36.626678466796875
34.255340576171875
37.6425666809082
34.44509506225586
37.41424560546875
35.915924072265625
36.373207092285156
35.60871124267578
37.11088180541992
35.9866828918457
36.22810363769531
34.85904312133789
35.395538330078125
35.60136795043945
37.192020416259766
34.31044006347656
35.2401008605957
35.334381103515625
35.27935028076172
36.16845703125
36.68739700317383
32.511905670166016
35.550376892089844
32.76620864868164
35.402076721191406
34.69548797607422
35.29261779785156
34.92954635620117
35.116798400878906
36.88066864013672
34.53131103515625
34.439701080322266
37.803123474121094
36.98093032836914
33.93553924560547
35.988956451416016
35.36735534667969
34.441802978515625
34.458457946777344
33.47883987426758
35.4354248046875
36.45299530029297
32.891868591308594
35.4093132019043
34.17291259765625
34.89069747924805
35.27217102050781
34.280723571777344
35.620994567871094
35.162757873535156
34.60100555419922
36.92693328857422
35.46368408203125
34.203311920166016
34.68984603881836
34.30567169189453
35.180965423583984
33.382957458496094
36.76944351196289
34.6826286315918
32.32154083251953
35.19071960449219
35.085472106933594
34.69929504394531
35.164485931396484
34.08757781982422
34.970428466796875
35.792930603027344
36.08677673339844
35.3559684753418
36.770912170410156
35.69130325317383
35.69243240356445
33.812496185302734
33.58441925048828
35.10900115966797
35.692222595214844
35.49755859375
35.33905792236328
36.88908386230469
35.96187973022461
36.592308044433594
33.31351852416992
37.204322814941406
37.32392883300781
37.037635803222656
32.55859375
35.436302185058594
34.97295379638672
34.10508728027344
36.3376579284668
33.83372497558594
36.934024810791016
35.37311553955078
35.63222885131836
33.084556579589844
35.46384811401367
35.73248291015625
34.03024673461914
34.95711135864258
34.70685577392578
33.4528923034668
36.97603225708008
36.72180938720703
34.01726531982422
36.60451126098633
36.503089904785156
34.1705207824707
32.96096420288086
37.36861801147461
33.598201751708984
36.6403923034668
36.287715911865234
34.4468994140625
36.1981201171875
37.40557098388672
35.28937911987305
34.72540283203125
34.22818374633789
34.21977615356445
34.0254020690918
34.50335693359375
35.34812545776367
34.71244812011719
35.47158432006836
36.78960418701172
33.602317810058594
37.67514419555664
35.191551208496094
34.865753173828125
34.9400520324707
37.73297882080078
37.54569625854492
35.864322662353516
33.34001159667969
32.94319152832031
36.63998794555664
35.753334045410156
35.12761688232422
35.1788215637207
35.12875747680664
36.84238052368164
35.31467056274414
36.48120880126953
36.191795349121094
34.5161018371582
35.993560791015625
34.80232620239258
34.72758483886719
36.5010986328125
33.929222106933594
34.90501022338867
32.77915573120117
35.531429290771484
35.265071868896484
37.242637634277344
34.4588508605957
34.29612731933594
33.67945098876953
36.409671783447266
37.52531433105469
33.97400665283203
36.509281158447266
36.50813674926758
35.02009201049805
35.24689865112305
36.0944938659668
35.726505279541016
36.41913986206055
34.88970184326172
34.75157928466797
37.02206802368164
37.18553924560547
35.39474105834961
34.25687789916992
36.74454116821289
36.0252799987793
34.60288619995117
35.088924407958984
34.5866813659668
36.41773223876953
34.031471252441406
34.1292610168457
34.58672332763672
34.14042663574219
36.152713775634766
35.36497116088867
34.14107131958008
33.739288330078125
36.61063003540039
36.067970275878906
35.70989990234375
37.04829406738281
37.01432800292969
36.23911666870117
33.34513854980469
36.00299835205078
36.2837028503418
36.507652282714844
35.17889404296875
35.42295837402344
37.55080795288086
36.20768737792969
35.11195373535156
35.43927764892578
33.56973648071289
34.28264617919922
32.959049224853516
33.969276428222656
35.12103271484375
35.90715789794922
34.00276565551758
34.07733917236328
36.53474426269531
36.29933547973633
33.47578048706055
34.27516555786133
34.11200714111328
33.11359786987305
34.17863082885742
30.98131561279297
34.28056716918945
33.92180252075195
37.9063835144043
39.97998046875
34.7204704284668
32.52262878417969
36.420528411865234
33.33468246459961
32.77953338623047
35.027793884277344
34.76821517944336
33.87800216674805
34.171180725097656
35.0521125793457
33.945613861083984
35.61289978027344
35.72472381591797
32.80717086791992
35.118927001953125
36.65449523925781
33.37746810913086
37.19904708862305
35.932823181152344
35.5142936706543
34.40108108520508
35.38068389892578
33.66102600097656
36.72190475463867
36.22343063354492
34.197391510009766
36.17754364013672
36.67486572265625
33.74652862548828
32.69101333618164
32.36942672729492
35.83230209350586
35.1309814453125
38.9316520690918
32.642372131347656
35.46113204956055
36.36295700073242
34.692176818847656
35.14904022216797
33.606658935546875
33.53044128417969
35.38999938964844
35.100868225097656
36.16050338745117
35.836971282958984
35.44449234008789
38.97599411010742
34.30318832397461
33.43618392944336
33.11418533325195
35.02813720703125
37.62246322631836
34.643680572509766
33.828914642333984
34.16043472290039
35.25691223144531
36.876346588134766
36.38312530517578
34.7874870300293
36.351646423339844
35.66525650024414
35.645469665527344
34.574153900146484
35.19478988647461
33.499267578125
35.55779266357422
32.75291442871094
34.6616096496582
37.1763916015625
34.339500427246094
35.08551025390625
34.0750846862793
36.12075424194336
32.88973617553711
35.597496032714844
35.277503967285156
34.20591354370117
32.517669677734375
32.90040588378906
32.702816009521484
36.76821517944336
36.030765533447266
33.87380599975586
35.71774673461914
34.2783203125
37.86081314086914
36.00926208496094
34.82890701293945
33.35195541381836
35.1629753112793
36.42753219604492
37.47671127319336
37.151611328125
34.6336669921875
34.876380920410156
34.31019973754883
36.20474624633789
33.7258415222168
34.59349060058594
35.989898681640625
35.50200271606445
33.429691314697266
33.811561584472656
33.41986083984375
34.12293243408203
33.17788314819336
35.745792388916016
35.02566909790039
36.143226623535156
36.39344787597656
32.756072998046875
35.080284118652344
36.215023040771484
34.518348693847656
36.073211669921875
34.374752044677734
38.69171142578125
34.94410705566406
34.84516906738281
34.63981246948242
33.746070861816406
34.09358596801758
34.41740036010742
35.915924072265625
35.982173919677734
33.986595153808594
34.94696807861328
33.75946807861328
35.69865036010742
37.08489227294922
36.46200180053711
34.27809524536133
34.1096305847168
35.391700744628906
35.79777526855469
35.034488677978516
38.018611907958984
36.431495666503906
35.23418426513672
35.40422058105469
33.446197509765625
36.56085205078125
35.64274597167969
34.2069206237793
33.40126419067383
36.552215576171875
34.31770706176758
35.78907012939453
34.49209976196289
34.70399475097656
34.624019622802734
33.970516204833984
37.75163269042969
34.4266471862793
34.886680603027344
34.09005355834961
36.391300201416016
31.88192367553711
33.341644287109375
34.983612060546875
34.37555694580078
37.373321533203125
37.05371856689453
34.6932258605957
35.19905090332031
33.512123107910156
34.547607421875
35.207725524902344
33.51300811767578
35.666988372802734
35.705204010009766
36.928062438964844
33.63454055786133
35.770225524902344
31.32375717163086
36.273101806640625
35.42135238647461
36.277523040771484
34.04778289794922
32.52432632446289
34.36568069458008
35.4943733215332
34.16565704345703
34.19264221191406
34.09577178955078
33.910545349121094
35.82196807861328
36.90138244628906
35.16975021362305
34.96031188964844
37.24028015136719
34.4229621887207
35.05068588256836
35.44264602661133
33.65006637573242
37.27287673950195
33.59464645385742
35.43344497680664
33.90138244628906
38.9353141784668
34.49388885498047
35.32053756713867
34.184326171875
35.26812744140625
34.532928466796875
32.941802978515625
32.67362594604492
35.976829528808594
35.756866455078125
34.647972106933594
34.330753326416016
34.82969284057617
34.617069244384766
37.857303619384766
35.18380355834961
32.913780212402344
35.87849807739258
36.84813690185547
33.75798034667969
35.34831237792969
35.4902458190918
32.27998733520508
34.328224182128906
34.81157302856445
35.337154388427734
34.77497100830078
34.221031188964844
35.03913116455078
33.719207763671875
33.36043930053711
33.18825149536133
34.373451232910156
34.565372467041016
32.83150863647461
34.09718704223633
34.734622955322266
34.716209411621094
33.123416900634766
35.288604736328125
35.964176177978516
35.27573776245117
35.439388275146484
35.32143783569336
36.49329376220703
35.92351150512695
34.3509635925293
34.76066970825195
37.264068603515625
35.148990631103516
36.02069091796875
34.905521392822266
34.31156539916992
33.08552169799805
34.77070999145508
34.33827209472656
35.837162017822266
33.49612808227539
36.43879699707031
33.76581573486328
34.17434310913086
35.37247848510742
37.3448600769043
35.03717803955078
34.862754821777344
35.74785614013672
33.85366439819336
37.11518478393555
34.69350051879883
35.69581604003906
36.18191146850586
34.80472946166992
34.6092529296875
33.877567291259766
34.18711471557617
35.08161926269531
33.78721618652344
35.377113342285156
33.04475021362305
35.39296340942383
35.9931640625
35.47559356689453
35.12122344970703
37.51487350463867
35.11557388305664
33.772499084472656
37.689697265625
35.535621643066406
32.80300521850586
35.130340576171875
34.98884201049805
34.48539352416992
38.956363677978516
33.1746826171875
32.212589263916016
36.47962951660156
37.239540100097656
36.24769592285156
36.330814361572266
35.64982223510742
35.03349304199219
37.494239807128906
34.39937210083008
37.343467712402344
35.858150482177734
35.61842346191406
33.78331756591797
36.67427444458008
38.27595901489258
33.057037353515625
36.78026580810547
35.31963348388672
34.344303131103516
32.23303985595703
35.20273971557617
35.53280258178711
34.24323654174805
37.85879898071289
35.414485931396484
35.70463180541992
37.39665985107422
35.307212829589844
33.49911880493164
34.78138732910156
33.50334930419922
35.70014190673828
32.50371551513672
36.25495147705078
36.21763229370117
34.486915588378906
36.94208526611328
35.12879180908203
30.887500762939453
36.997013092041016
35.37648010253906
33.55232620239258
35.28605270385742
35.367584228515625
35.37590026855469
35.965450286865234
34.35117721557617
34.89210510253906
36.21304702758789
36.66168975830078
35.853031158447266
33.80160903930664
36.32858657836914
34.17586898803711
34.190059661865234
35.359336853027344
37.18068313598633
33.51924133300781
34.862815856933594
34.59245300292969
35.17365264892578
35.980770111083984
34.25407409667969
36.46906280517578
35.282310485839844
34.119319915771484
34.7369499206543
36.08290100097656
33.7193489074707
35.76374816894531
34.86105728149414
33.661136627197266
34.361637115478516
36.45809555053711
35.07548522949219
33.969112396240234
32.85564422607422
32.99860763549805
35.18994903564453
36.20097351074219
36.19342041015625
34.37560272216797
35.102142333984375
35.62071990966797
34.236297607421875
36.9545783996582
36.503509521484375
33.89494705200195
36.43831253051758
35.01585388183594
36.160911560058594
35.62299346923828
36.14834213256836
32.667903900146484
35.656497955322266
35.15225601196289
35.43886184692383
35.14281463623047
36.57401657104492
35.79933166503906
37.01023483276367
34.16714859008789
36.592002868652344
35.31039810180664
35.42669677734375
33.97404479980469
32.41361999511719
33.66530227661133
35.04247283935547
33.442649841308594
34.89498519897461
34.825687408447266
33.901676177978516
35.09123229980469
33.31619644165039
35.81830596923828
36.92848205566406
33.535301208496094
34.07158660888672
35.864830017089844
36.537071228027344
36.84788513183594
32.93841552734375
33.279449462890625
36.44955825805664
35.02842712402344
37.085140228271484
34.55186462402344
35.54948425292969
34.32243347167969
34.42104721069336
33.439544677734375
36.20246505737305
36.582332611083984
35.556880950927734
33.01021957397461
35.077816009521484
35.885986328125
32.652164459228516
35.16523361206055
34.13707733154297
34.62790298461914
36.710121154785156
33.7171745300293
34.102813720703125
36.75846481323242
34.91561508178711
33.49747848510742
34.694034576416016
34.98369598388672
33.72016525268555
36.43171310424805
36.11531448364258
37.088294982910156
36.16238021850586
32.45249938964844
35.49314498901367
34.98484420776367
32.66967010498047
33.756900787353516
33.295257568359375
33.32807159423828
34.22735595703125
36.427913665771484
34.44642639160156
35.251670837402344
33.51322937011719
34.73711395263672
32.33419418334961
32.967437744140625
34.900508880615234
33.71532440185547
35.540714263916016
35.919189453125
34.57379150390625
35.117431640625
33.57667922973633
34.78517150878906
33.11644744873047
34.56353759765625
35.502899169921875
35.17017364501953
34.948951721191406
33.51165771484375
34.3238639831543
33.56575012207031
35.112701416015625
35.389442443847656
34.920555114746094
34.80685043334961
33.578460693359375
34.85158157348633
33.96820831298828
35.47053909301758
34.573421478271484
37.459110260009766
36.321006774902344
33.456085205078125
36.48365020751953
34.91326904296875
33.8482780456543
33.878814697265625
34.27699279785156
35.30660629272461
35.89289093017578
37.467872619628906
34.33623504638672
33.71254348754883
34.41233825683594
34.25423812866211
35.102745056152344
35.38376998901367
34.56818771362305
34.01676559448242
33.62331008911133
35.591346740722656
34.69218444824219
35.7104377746582
36.886070251464844
33.00717544555664
38.23717498779297
34.42106246948242
32.1761589050293
35.235870361328125
36.02099609375
34.684600830078125
33.86799240112305
34.94042205810547
34.49369430541992
33.87247848510742
33.64738464355469
36.00450134277344
34.437137603759766
33.88191223144531
34.90033721923828
36.39424514770508
36.30094528198242
35.395626068115234
36.246768951416016
35.00558090209961
34.81294250488281
35.011234283447266
36.165809631347656
35.00568771362305
36.75519561767578
31.89054298400879
36.597476959228516
35.58917236328125
34.351036071777344
35.96472930908203
34.49494171142578
34.31641387939453
36.26279067993164
35.93366241455078
34.75299072265625
34.72071075439453
35.076812744140625
35.99055099487305
36.40855407714844
35.64496612548828
32.883522033691406
33.60293197631836
33.85377502441406
32.914398193359375
34.871482849121094
33.732120513916016
34.351131439208984
36.88621520996094
35.16291809082031
33.30072021484375
35.456729888916016
35.08675765991211
34.3271369934082
35.80588912963867
33.99570083618164
33.92512893676758
34.53144073486328
35.176849365234375
33.22676086425781
34.05768966674805
34.86311721801758
32.37236022949219
34.121795654296875
33.06990051269531
33.69761657714844
33.41847610473633
38.055503845214844
35.82088088989258
35.24302673339844
36.9688720703125
37.17584228515625
35.80238723754883
33.77482223510742
33.768070220947266
34.03532028198242
33.940120697021484
32.123619079589844
34.07898712158203
34.50349426269531
34.72573471069336
33.67816162109375
33.80439376831055
32.51414489746094
35.829097747802734
34.716793060302734
34.7828254699707
33.68476104736328
34.30403137207031
35.34791564941406
34.76483917236328
34.90507507324219
37.37842559814453
33.82208251953125
37.00695037841797
34.00958251953125
32.25989532470703
36.25476837158203
34.13813781738281
34.64570999145508
36.05946350097656
34.93241500854492
32.89430236816406
35.01234436035156
35.48213577270508
34.1990852355957
34.18743133544922
34.52789306640625
33.85537338256836
34.164615631103516
34.24641036987305
36.40578079223633
35.306148529052734
34.76091384887695
33.16411209106445
32.90803527832031
34.629642486572266
34.2558479309082
35.80263137817383
34.57435607910156
34.52251434326172
35.22499084472656
35.88126754760742
33.62318801879883
35.96311950683594
34.62036895751953
33.68128204345703
32.39277267456055
34.144805908203125
35.32780075073242
34.138912200927734
35.88750076293945
34.28695297241211
35.34130096435547
34.157955169677734
34.13514709472656
36.678367614746094
35.12858581542969
36.34328079223633
33.41938400268555
37.21987533569336
35.0620002746582
34.95920944213867
33.27144241333008
35.38084030151367
35.357383728027344
35.77302932739258
35.201393127441406
33.152339935302734
35.82524108886719
35.64553451538086
32.88378143310547
32.84221649169922
36.62189865112305
37.2693977355957
35.08720397949219
34.52305603027344
35.2603759765625
34.58409118652344
34.23212814331055
34.684261322021484
33.728397369384766
32.93845748901367
34.91592025756836
35.69515609741211
34.531578063964844
34.74785614013672
37.174415588378906
34.000431060791016
34.8079833984375
35.21697998046875
32.971927642822266
37.67669677734375
35.087982177734375
35.36384963989258
34.99394226074219
34.61803436279297
33.818443298339844
34.33436584472656
34.91672134399414
34.01343536376953
34.46308898925781
36.24697494506836
34.721500396728516
34.261802673339844
35.350887298583984
36.25993728637695
35.2119026184082
36.8476448059082
34.97896957397461
35.4654426574707
33.984764099121094
36.265663146972656
35.16396713256836
35.940494537353516
36.35688018798828
34.637542724609375
35.25341033935547
35.08336639404297
33.851707458496094
34.212501525878906
35.73516082763672
34.92302703857422
35.6681022644043
34.786399841308594
36.13237380981445
33.74989700317383
34.71063995361328
33.23747634887695
35.103233337402344
36.760189056396484
35.060997009277344
33.26729965209961
33.48482131958008
35.88593673706055
35.25807189941406
34.535037994384766
35.62762451171875
33.67134094238281
33.1038818359375
34.812644958496094
36.27023696899414
33.715576171875
34.24248504638672
36.04014587402344
33.71689224243164
33.64433670043945
37.135623931884766
34.400264739990234
35.67396926879883
33.27851486206055
33.75074005126953
33.78400421142578
34.26007080078125
32.849143981933594
35.63639831542969
34.7238655090332
36.179161071777344
35.882232666015625
33.38784408569336
33.9683837890625
35.44278335571289
35.03559875488281
35.57143783569336
35.808982849121094
35.99781036376953
33.9072265625
34.816402435302734
35.17433547973633
36.15774154663086
36.180145263671875
35.103111267089844
32.827491760253906
35.46643829345703
33.97808074951172
35.82918167114258
35.16407012939453
36.2676887512207
33.51255798339844
35.16331100463867
37.095333099365234
33.14177322387695
34.659751892089844
34.183937072753906
37.41090393066406
36.08028030395508
34.96345520019531
34.89545440673828
35.20598220825195
34.84074401855469
37.454429626464844
35.45322799682617
35.89651107788086
35.13786315917969
34.931434631347656
33.8260383605957
35.15685272216797
32.261024475097656
34.793338775634766
34.2451171875
34.20846939086914
33.75868606567383
35.95063400268555
35.60124588012695
33.034828186035156
35.44636154174805
34.002498626708984
35.69658279418945
34.101776123046875
34.61639404296875
34.49806213378906
35.223751068115234
34.77055358886719
35.17533874511719
31.850391387939453
35.30665588378906
35.15319061279297
35.5951042175293
35.28662872314453
33.99751663208008
34.50729751586914
34.20815658569336
33.38138198852539
34.81919479370117
35.3455924987793
34.830875396728516
32.71015548706055
35.46084213256836
34.396976470947266
35.633087158203125
33.99225616455078
32.87369155883789
35.534385681152344
35.57424545288086
34.63772964477539
36.116432189941406
36.228118896484375
33.715023040771484
34.549293518066406
36.37582015991211
33.27083969116211
34.06627655029297
34.726436614990234
34.37204360961914
35.1044921875
36.15694046020508
35.52528762817383
36.09461212158203
34.57475662231445
35.07398986816406
35.16643142700195
35.097633361816406
35.44781494140625
34.884830474853516
32.64008331298828
34.717369079589844
32.696224212646484
35.306610107421875
34.34508514404297
34.09889602661133
35.15213394165039
34.24628448486328
36.073822021484375
35.29411315917969
35.856510162353516
32.45525360107422
35.471824645996094
39.031227111816406
35.33931350708008
35.128089904785156
34.98997497558594
34.215293884277344
37.05173110961914
33.63513946533203
35.888057708740234
35.34912872314453
35.200439453125
35.56361389160156
35.76240158081055
34.20560073852539
33.986663818359375
34.62184524536133
36.17839050292969
34.25904083251953
36.357601165771484
36.625919342041016
34.80885314941406
33.643524169921875
31.83892059326172
34.08884811401367
33.76544189453125
35.08774185180664
32.48141098022461
34.0420036315918
34.070228576660156
33.487483978271484
34.74135208129883
31.827207565307617
35.17379379272461
33.91339874267578
35.475467681884766
34.675376892089844
34.83047866821289
34.303165435791016
34.773963928222656
34.736167907714844
34.03388977050781
36.35797882080078
32.35615539550781
34.36418533325195
33.43336486816406
34.77072525024414
33.26252746582031
32.554195404052734
36.10225296020508
34.57984924316406
35.35367202758789
33.66197967529297
33.82770919799805
35.05891036987305
35.88644790649414
33.8845329284668
34.8994255065918
36.12013244628906
34.61376190185547
36.10043716430664
34.68445587158203
34.420413970947266
36.10284423828125
33.29808807373047
34.367958068847656
33.808963775634766
33.80805969238281
34.3160400390625
34.77456283569336
36.972293853759766
32.80569076538086
32.91584014892578
35.20769119262695
33.01099395751953
35.48593521118164
35.93250274658203
34.245662689208984
35.244449615478516
36.10052490234375
34.2542839050293
33.91980743408203
33.58456039428711
35.90888977050781
33.55976486206055
35.972747802734375
36.417545318603516
32.63599395751953
34.967124938964844
34.6679801940918
36.699520111083984
35.77433395385742
34.13071823120117
34.53647994995117
34.34103012084961
35.79762649536133
34.75069808959961
33.98964309692383
34.23051834106445
35.26324462890625
36.65215301513672
35.828094482421875
35.93339538574219
38.82506561279297
36.387550354003906
33.41786193847656
32.03811264038086
33.532657623291016
34.5543212890625
32.786033630371094
34.58584213256836
34.949317932128906
34.1663703918457
35.78825378417969
34.68720245361328
35.049530029296875
34.91368865966797
35.94129180908203
35.72057342529297
33.669090270996094
35.05084991455078
33.33348083496094
35.98100280761719
34.9635124206543
36.11680221557617
34.83976745605469
34.34970474243164
32.570594787597656
33.10629653930664
36.007381439208984
36.136470794677734
33.852115631103516
36.323062896728516
34.01423263549805
32.74215316772461
35.23988342285156
37.66521453857422
33.73220443725586
33.53651809692383
34.747310638427734
33.45903778076172
34.236717224121094
33.929107666015625
32.89361572265625
35.2451286315918
34.40886306762695
35.0959587097168
39.02691650390625
34.20457458496094
32.93217086791992
34.10894012451172
33.43719482421875
34.38723373413086
34.10905838012695
35.58443069458008
33.69746398925781
35.28117370605469
36.1727180480957
34.692138671875
35.78403091430664
35.13237762451172
36.576560974121094
34.7607307434082
33.507015228271484
35.75766372680664
32.35491180419922
35.447479248046875
34.710689544677734
34.75480651855469
35.1613655090332
37.39848709106445
36.15787124633789
34.81527328491211
32.563018798828125
34.898189544677734
37.51791763305664
35.856658935546875
33.30537033081055
36.490299224853516
33.524200439453125
35.796451568603516
34.605873107910156
36.8712043762207
36.24279022216797
35.54917907714844
37.45304489135742
34.59457015991211
36.6696891784668
34.289772033691406
36.91685485839844
35.06527328491211
34.220359802246094
33.59934997558594
34.217063903808594
34.43268585205078
33.781246185302734
32.99483108520508
34.353050231933594
37.191978454589844
34.302520751953125
33.960296630859375
35.05109786987305
33.09845733642578
35.20897674560547
36.186363220214844
36.523101806640625
35.00697326660156
34.76271057128906
32.35770034790039
34.649322509765625
34.36021423339844
34.321739196777344
33.602256774902344
37.863555908203125
33.0300407409668
32.755401611328125
35.499473571777344
32.99457550048828
35.52406311035156
35.243858337402344
33.70413589477539
34.11674880981445
33.532527923583984
35.223304748535156
35.744842529296875
34.63793182373047
35.66586685180664
33.907997131347656
32.45384979248047
34.74736785888672
35.027381896972656
34.64360046386719
33.66636657714844
33.42753982543945
34.31996154785156
32.497833251953125
32.25829315185547
34.12361145019531
34.318546295166016
34.83445358276367
32.33769989013672
34.73930358886719
34.267051696777344
35.00360107421875
34.7429084777832
37.35418701171875
34.10407638549805
35.81352615356445
34.934085845947266
36.38499450683594
32.95418167114258
35.19087600708008
33.914608001708984
34.393272399902344
35.681884765625
35.595645904541016
34.28871154785156
33.225650787353516
34.746768951416016
33.378326416015625
36.58778762817383
34.66196060180664
36.48369598388672
35.09342956542969
35.04777526855469
34.46842575073242
34.587738037109375
34.565311431884766
34.393394470214844
35.86749267578125
32.9893798828125
34.403350830078125
33.46958923339844
34.95147705078125
34.698307037353516
36.6683235168457
36.691402435302734
34.975982666015625
35.17177963256836
34.78618621826172
34.77354431152344
35.362060546875
35.441829681396484
32.834190368652344
35.49669647216797
33.71993637084961
33.8873405456543
34.63199234008789
35.637874603271484
34.28379821777344
36.04276657104492
33.358299255371094
35.23390579223633
33.65182876586914
36.67459487915039
36.145957946777344
34.477787017822266
34.4677619934082
34.294921875
34.14774703979492
35.490291595458984
32.505126953125
34.012813568115234
35.86243438720703
34.05193328857422
33.75825500488281
35.70000076293945
34.69327926635742
34.48564910888672
36.37571334838867
35.386634826660156
35.213687896728516
34.48872756958008
35.98521423339844
34.16699981689453
34.1222038269043
35.493507385253906
36.112709045410156
33.22879409790039
34.47293472290039
35.5330810546875
33.193965911865234
33.63864517211914
35.4108772277832
37.24913024902344
35.3250732421875
35.91230773925781
36.10719680786133
33.976627349853516
32.62261962890625
36.43878173828125
35.179931640625
34.36711502075195
34.771446228027344
32.604801177978516
34.44927978515625
34.94424819946289
34.29616928100586
35.418190002441406
34.865760803222656
34.92668151855469
32.719871520996094
34.41681671142578
33.274497985839844
34.31743240356445
36.16350555419922
35.16620635986328
35.95176696777344
35.530879974365234
33.72187805175781
34.986785888671875
34.55088424682617
33.584842681884766
33.47085952758789
31.840755462646484
35.215606689453125
32.097869873046875
34.84869384765625
34.42203140258789
33.473472595214844
35.47795867919922
34.38977813720703
35.3748664855957
34.7318229675293
35.29944610595703
35.4489860534668
36.5744743347168
34.067832946777344
35.087894439697266
34.54120635986328
34.71006393432617
35.06809616088867
33.828216552734375
31.985260009765625
35.821189880371094
33.28446578979492
34.4150505065918
36.54277038574219
34.343814849853516
34.4312629699707
34.12502670288086
35.29475402832031
33.71756362915039
33.81441879272461
33.05619812011719
34.32572555541992
33.73108673095703
34.877750396728516
35.59424591064453
35.49020767211914
33.558685302734375
35.16215896606445
34.33501434326172
33.57550048828125
33.530941009521484
34.09440231323242
34.348060607910156
34.492942810058594
32.638431549072266
35.095252990722656
34.46173095703125
34.9676513671875
34.28578567504883
33.32516098022461
36.37568283081055
36.90094757080078
34.04008483886719
34.01955032348633
33.6237907409668
31.67634391784668
33.259151458740234
33.68351745605469
34.913475036621094
35.293582916259766
35.089229583740234
36.390716552734375
35.97206497192383
36.351322174072266
35.719024658203125
35.62076187133789
34.39728927612305
37.11539840698242
35.8802375793457
35.238059997558594
35.57479476928711
35.90107727050781
34.27278518676758
34.99618911743164
36.09878921508789
35.309383392333984
36.13737487792969
33.793052673339844
35.27814865112305
33.094608306884766
34.456302642822266
36.09870529174805
34.74044418334961
34.178955078125
32.78425598144531
33.98362350463867
33.467044830322266
33.43156433105469
34.81357955932617
34.44984436035156
34.48492431640625
33.86748123168945
34.12593460083008
33.1076774597168
34.98567581176758
34.33021926879883
34.21168518066406
35.707820892333984
35.43474197387695
32.058616638183594
33.48493194580078
35.02247619628906
36.73454284667969
33.68705749511719
33.76913070678711
33.71055603027344
37.27044677734375
34.28789138793945
35.793800354003906
35.21146774291992
34.28958511352539
34.710609436035156
33.20428466796875
34.77883529663086
35.35728454589844
35.32171630859375
34.95888900756836
33.462650299072266
32.818504333496094
34.60926818847656
34.956783294677734
33.657901763916016
35.14603805541992
34.77104568481445
33.0756950378418
36.250911712646484
36.35679626464844
34.759578704833984
32.72108840942383
33.661163330078125
34.828407287597656
36.07074737548828
34.99825668334961
34.52782440185547
33.45819854736328
34.01105499267578
34.2811164855957
33.9227294921875
34.51885223388672
32.705162048339844
35.88581848144531
33.73002624511719
35.42011260986328
37.3502311706543
32.64318084716797
34.40711212158203
33.4978141784668
32.78023147583008
34.24663162231445
33.842918395996094
33.65594482421875
34.55370330810547
34.5516357421875
36.3043098449707
33.61888122558594
33.15888595581055
35.17395782470703
35.41849136352539
34.375770568847656
33.134925842285156
36.130088806152344
32.16956329345703
34.58739471435547
32.69832229614258
34.15904235839844
36.279197692871094
33.7042350769043
34.994632720947266
35.93596267700195
34.73396682739258
38.00241470336914
33.83388900756836
35.783016204833984
33.89998245239258
35.72392654418945
35.17660903930664
34.70099639892578
33.32378387451172
34.33940505981445
34.78805923461914
33.40437316894531
34.081642150878906
33.20209503173828
36.60295867919922
33.8359260559082
35.24382400512695
36.006046295166016
33.876075744628906
34.59987258911133
32.22478485107422
37.355712890625
34.941566467285156
33.08805465698242
36.74782943725586
33.28411865234375
35.08374786376953
35.18006896972656
34.184200286865234
34.991172790527344
34.75526809692383
34.791988372802734
33.129180908203125
34.982521057128906
33.905242919921875
35.48838806152344
34.59262466430664
36.159576416015625
35.15953826904297
34.41665267944336
33.95856857299805
34.63209533691406
34.011051177978516
35.46446228027344
34.62612533569336
34.662193298339844
32.805084228515625
36.06434631347656
34.597835540771484
35.599876403808594
33.176361083984375
34.42164993286133
35.595603942871094
32.63627243041992
36.940372467041016
34.42565155029297
36.1636962890625
35.46095275878906
35.93778610229492
37.514949798583984
35.37297821044922
34.98999786376953
34.626976013183594
34.57016372680664
35.334468841552734
37.4317512512207
33.648582458496094
35.851741790771484
34.86542510986328
33.75273513793945
34.472930908203125
33.95613098144531
35.25379180908203
33.44282150268555
32.65656280517578
35.40949630737305
35.99981689453125
34.46897888183594
35.62486267089844
33.43617248535156
32.62553024291992
33.091590881347656
33.11600875854492
34.188865661621094
34.43228530883789
34.99232864379883
33.35316848754883
37.57384490966797
34.06421661376953
37.48471450805664
34.92070770263672
35.669158935546875
34.294803619384766
33.81265640258789
33.941795349121094
34.80070114135742
37.42847442626953
34.724266052246094
33.920677185058594
34.093963623046875
38.14098358154297
34.59751510620117
35.53596496582031
31.544591903686523
36.89427947998047
34.093780517578125
33.675235748291016
